Country;Pop in the capital %;Pop in urban areas%;Pop in rural areas%
Iceland (Reykjavík);56.02;38;6
Argentina (Buenos Aires);34.95;56.6;8.4
Japan (Tokyo);29.52;63.5;7
UK (London);22.7;59.6;17.7
Denmark (Copenhagen);22.16;65.3;12.5
France (Paris);16.77;62.5;20.7
Russia (Moscow);8.39;65.5;26.1
Niger (Niamey);5.53;12.9;81.5
Germany (Berlin);4.35;70.7;24.9
India (Delhi);1.93;30.4;67.6
USA (Washington, D.C.);1.54;79.9;18.6
China (Beijing);1.4;53;45.6

